0.297002882204557
0.783666025688029
0.055296093213906
0.148800011944039
0.670394469421658
0.945184110743177
0.338105714624703
0.241068400587166
0.010515501733697
0.609878460797404
0.907679017397036
0.850708936691269
0.644214391747544
0.333755623764542
0.742468129607533
0.817217021502631
0.547258147178179
0.14487940637924
0.891671721056976
0.333159746139054
0.076643224935736
0.159491230457923
0.75421247521403
0.569218802626359
0.303961115289081
0.821838244206388
0.821391117303235
0.185015312370908
0.359141678346026
0.056780160356583
0.692772518237008
0.409137054898713
0.777453437235869
0.655124396666083
0.383187240215561
0.679649552604793
0.220994452798203
0.911211395860658
0.117719464067164
0.163232981594736
0.270153373567345
0.376078743235315
0.846058347416921
0.168955428827807
0.079244479961939
0.16302750618935
0.064500361128745
0.759663677876404
0.37730373367544
0.171036613556185
0.165406278705116
0.117895491382962
0.930374381182221
0.411475527072672
0.485769441869661
0.206536891372711
0.940767801115623
0.610389641764761
0.728387237794308
0.671050220628812
0.474636573139717
0.177344930658131
0.2055704028193
0.659984515933529
0.33025232588216
0.058636694773062
0.905943367264706
0.329731728710684
0.411024439860377
0.849171819283831
0.95463509041016
0.152355173472513
0.04168864537092
0.196032691363286
0.864803196345739
0.46630743575547
0.285478085992423
0.217525159155821
0.086915892306483
0.880006087760105
0.192698668484877
0.076529221756515
0.841289786219488
0.864020386286589
0.902463393858496
0.219793997172233
0.486564709713184
0.010384340285604
0.518922889347125
0.380118062394343
0.884387373325047
0.0578662207868
0.026434018885707
0.965343380293
0.038785912351863
0.801561243934013
0.270679231078738
0.734445908122527
0.081695145200821
0.015225850618599
